<@344661859275898882>,2,21,1
<@353914644613693451>,3,6,3
<@215981471842697217>,1,34,1
<@273279044454187009>,3,15,0
<@479513428638040086>,0,21,1
<@473691876680269824>,9,4,1
<@483755276873498644>,4,1,2
<@476781105828069386>,2,1,0
<@187617865996828673>,0,1,1
<@465324594597986304>,0,1,0
<@396560397257408514>,2,0,3
<@468054768502439947>,11,0,2
<@442226315291131907>,0,3,1
<@450729572569186324>,0,0,2
<@266447975146848257>,0,0,0
<@568471080742682626>,19,1,2
<@473822789854560266>,5,13,1
<@451373900069076993>,14,0,3
