<@344661859275898882>,3,3,7,1,4,1
<@353914644613693451>,2,1,6,16,29,12
<@215981471842697217>,9,18,7,11,2,2
<@223982068131037185>,0,0,3,0,0,0
<@273279044454187009>,8,4,9,13,24,13
<@479174652376252416>,2,2,2,0,0,0
<@479513428638040086>,2,8,7,3,4,3
<@473691876680269824>,21,15,4,38,74,32
<@483755276873498644>,7,13,6,19,48,19
<@476781105828069386>,10,6,8,13,30,16
<@182901488488677376>,1,0,5,0,0,0
<@187617865996828673>,24,52,4,36,65,30
<@592861817534152719>,3,0,0,19,20,9
<@465324594597986304>,18,23,1,33,61,30
<@396560397257408514>,12,6,3,27,40,21
<@468054768502439947>,38,92,4,54,91,37
<@442226315291131907>,1,0,6,9,17,6
<@450729572569186324>,7,4,6,23,43,18
<@266447975146848257>,18,35,5,38,47,23
<@568471080742682626>,12,11,7,24,84,38
<@473822789854560266>,2,0,9,1,10,5
<@330148338890702849>,1,0,2,0,0,0
<@451373900069076993>,4,4,3,9,48,16
