<@344661859275898882>,4,3,10,1,4,1
<@353914644613693451>,2,1,9,16,33,14
<@215981471842697217>,13,21,8,17,64,27
<@223982068131037185>,0,0,3,0,0,0
<@273279044454187009>,8,4,9,14,24,13
<@479174652376252416>,2,2,2,0,0,0
<@479513428638040086>,2,8,8,3,4,3
<@473691876680269824>,27,21,7,54,97,42
<@483755276873498644>,10,16,8,21,57,22
<@476781105828069386>,12,11,11,15,40,22
<@182901488488677376>,1,0,5,0,0,0
<@187617865996828673>,31,56,5,49,88,42
<@592861817534152719>,3,0,2,19,20,9
<@465324594597986304>,20,28,1,37,70,35
<@396560397257408514>,14,6,3,34,53,30
<@468054768502439947>,48,124,5,65,109,47
<@442226315291131907>,1,0,6,10,18,7
<@450729572569186324>,8,4,7,29,53,23
<@266447975146848257>,21,39,5,46,62,29
<@568471080742682626>,13,13,11,24,93,42
<@473822789854560266>,2,0,10,2,10,5
<@330148338890702849>,1,0,2,0,0,0
<@451373900069076993>,4,4,4,9,62,23
